0 121700000
125099999 249218991
249218992 341018992
345218991 492309988
492309989 580109989
586309988 690184516
690184517 738384517
741984516 881213161
881213162 927313162
932613161 1061928971
1061928972 1120428972
1124528971 1232980287
1232980288 1291080288
1295080287 1392107061
1392107062 1435307062
1439307061 1538408217
1538408218 1580608218
1583908217 1679518196
1679518197 1717518197
1721118196 1815021889
1815021890 1866021890
1870821889 1949967411
1949967412 1983167412
1987767411 2083746207
2083746208 2100246208
2102646207 2198853203
2198853204 2214953204
2217053203 2306141580
2306141581 2323641581
2326641580 2408647688
2408647689 2443947689
2447047688 2498811276
2498811277 2521511277
2526211276 2579856545
2579856546 2595256546
2601356545 2657871725
2657871726 2682071726
2685971725 2716968885
2716968886 2742668886
2747368885 2779918330
2779918331 2790818331
2792918330 2828018485
2828018486 2841718486
2845418485 2879248290