249218991 1.14856e-08
249218992 0.5
492309988 1.10543e-08
492309989 0.5
690184516 1.12796e-08
690184517 0.5
881213161 1.12312e-08
881213162 0.5
1061928971 1.12809e-08
1061928972 0.5
1232980287 1.12229e-08
1232980288 0.5
1392107061 1.17646e-08
1392107062 0.5
1538408217 1.14785e-08
1538408218 0.5
1679518196 1.17807e-08
1679518197 0.5
1815021889 1.33651e-08
1815021890 0.5
1949967411 1.17193e-08
1949967412 0.5
2083746207 1.30502e-08
2083746208 0.5
2198853203 1.09149e-08
2198853204 0.5
2306141580 1.11973e-08
2306141581 0.5
2408647688 1.38358e-08
2408647689 0.5
2498811276 1.48346e-08
2498811277 0.5
2579856545 1.58249e-08
2579856546 0.5
2657871725 1.5076e-08
2657871726 0.5
2716968885 1.82201e-08
2716968886 0.5
2779918330 1.71783e-08
2779918331 0.5
2828018485 1.30452e-08
2828018486 0.5
2879248290 1.4445e-08
