0 1.14856e-08
249218992 0.5
249218993 1.10543e-08
492309989 0.5
492309990 1.12796e-08
690184517 0.5
690184518 1.12312e-08
881213162 0.5
881213163 1.12809e-08
1061928972 0.5
1061928973 1.12229e-08
1232980288 0.5
1232980289 1.17646e-08
1392107062 0.5
1392107063 1.14785e-08
1538408218 0.5
1538408219 1.17807e-08
1679518197 0.5
1679518198 1.33651e-08
1815021890 0.5
1815021891 1.17193e-08
1949967412 0.5
1949967413 1.30502e-08
2083746208 0.5
2083746209 1.09149e-08
2198853204 0.5
2198853205 1.11973e-08
2306141581 0.5
2306141582 1.38358e-08
2408647689 0.5
2408647690 1.48346e-08
2498811277 0.5
2498811278 1.58249e-08
2579856546 0.5
2579856547 1.5076e-08
2657871726 0.5
2657871727 1.82201e-08
2716968886 0.5
2716968887 1.71783e-08
2779918331 0.5
2779918332 1.30452e-08
2828018486 0.5
2828018487 1.4445e-08
2879248291 0.5
